66 91
432 301 53
481 301 53
481 382 53
868 382 53
868 301 53
917 301 53
917 479 53
432 479 53
432 301 246
481 301 246
481 382 246
868 382 246
868 301 246
917 301 246
917 479 246
432 479 246
481 382 182
481 220 182
868 220 182
868 382 182
481 220 246
868 220 246
481 350 53
868 350 53
481 350 182
868 350 182
675 382 182
675 220 182
675 220 246
675 382 246
610 382 53
610 350 53
610 350 182
739 382 53
739 350 53
739 350 182
610 382 182
739 382 182
432 495 53
449 495 53
449 479 53
432 495 69
449 495 69
432 479 69
449 479 69
900 479 53
900 495 53
917 495 53
900 495 69
900 479 69
917 479 69
917 495 69
432 495 246
449 495 246
449 479 246
432 495 230
432 479 230
449 479 230
449 495 230
900 479 246
900 495 246
917 495 246
900 495 230
900 479 230
917 479 230
917 495 230
0 1
0 7
1 2
2 3
3 4
4 5
5 6
6 7
0 8
8 9
9 1
8 15
15 7
9 10
9 12
2 10
10 11
11 3
11 12
12 13
12 4
13 5
13 14
14 15
14 6
16 17
17 18
18 19
16 19
17 20
20 9
20 21
21 18
21 12
22 23
22 24
24 24
24 25
25 23
26 27
27 28
28 29
29 26
30 31
31 32
33 34
34 35
32 36
35 37
36 30
37 33
7 38
40 39
38 41
39 42
38 39
41 42
41 43
42 44
43 44
44 40
45 46
46 47
6 47
46 48
47 51
48 51
48 49
50 51
45 49
49 50
15 52
54 53
56 55
57 58
52 53
53 58
55 58
52 55
54 57
56 57
59 60
63 62
14 61
64 65
60 61
61 65
62 65
60 62
59 63
63 64
